             Eng (Avg. 0.62)    Pol (Avg. 0.66)    Pol -> Eng (μ=0.59)    Eng -> Pol (μ=0.65)
     INTJ               0.66               0.65                   0.74                   0.59
     VERB               0.81               0.81                   0.76                    0.8
    PROPN                0.7               0.78                   0.63                   0.62
    PUNCT               0.82                0.8                   0.76                   0.83
     NOUN               0.77               0.82                   0.69                   0.69
      ADJ               0.56               0.67                   0.49                    0.6
      ADV               0.68               0.66                   0.64                   0.62
      ADP               0.66               0.44                   0.62                   0.46
    SPACE               0.17               0.27                   0.38                    0.3
      NUM               0.69               0.44                   0.44                   0.61
      DET               0.41               0.51                   0.33                   0.45
     PRON               0.72               0.77                   0.59                   0.82
      AUX               0.68               0.71                    0.7                   0.66
    CCONJ               0.76               0.73                   0.77                   0.77
     PART               0.55               0.78                   0.51                   0.76
        X               0.56               0.68                    0.5                   0.59
      SYM               0.39               0.68                   0.48                   0.77
    SCONJ                0.6               0.76                   0.56                   0.78